10
1.25 0.0 2.12132 0.0 1.224745 0.0 0.0 0.0 0.0 0.0
0.0 5.25 0.0 6.123724 0.0 2.738613 0.0 0.0 0.0 0.0
2.12132 0.0 12.25 0.0 12.124356 0.0 4.743416 0.0 0.0 0.0
0.0 6.123724 0.0 22.25 0.0 20.124612 0.0 7.245688 0.0 0.0
1.224745 0.0 12.124356 0.0 35.25 0.0 30.124741 0.0 10.246951 0.0
0.0 2.738613 0.0 20.124612 0.0 51.25 0.0 42.124815 0.0 13.747727
0.0 0.0 4.743416 0.0 30.124741 0.0 70.25 0.0 56.124861 0.0
0.0 0.0 0.0 7.245688 0.0 42.124815 0.0 92.25 0.0 50.911688
0.0 0.0 0.0 0.0 10.246951 0.0 56.124861 0.0 94.75 0.0
0.0 0.0 0.0 0.0 0.0 13.747727 0.0 50.911688 0.0 47.75

